13266085559
13266085560
13266085562
13266085563
13266085564
13266085566
13266085567
13266085568
13266085570
13266085571
13266085572
13266085574
13266085575
13266085576
13266085578
13266085579
13266085580
13266085582
13266085583
13266085584
13266085586
13266085587
13266085588
13266085590
13266085591
13266085592
13266085594
13266085595
13266085596
13266085598
13266085599
13266085600
13266085602
13266085603
13266085604
13266085605
13266085607
13266085608
13266085610
13266085611
13266085612
13266085613
13266085615
13266085616
13266085617
13266085619
13266085620
13266085621
13266085623
13266085624
13266085625
13266085627
13266085628
13266085629
13266085631
13266085632
13266085633
13266085634
13266085636
13266085637
13266085638
13266085640
13266085641
13266085642
13266085644
13266085645
13266085646
13266085647
13266085649
13266085650
13266085651
13266085653
13266085654
13266085655
13266085657
13266085658
13266085659
13266085661
13266085662
13266085663
13266085665
13266085666
13266085667
13266085669
13266085670
13266085671
13266085673
13266085674
13266085675
13266085677
13266085678
13266085679
13266085681
13266085682
13266085683
13266085685
13266085686
13266085687
13266085689
13266085690
